tree
version=v4
num_class=1
num_tree_per_iteration=1
label_index=0
max_feature_idx=4
objective=binary sigmoid:1
feature_names=BI-RADS Age Shape Margin Density
monotone_constraints=1 1 1 1 0
feature_infos=[0:55] [19:96] [1:4] [1:5] [1:4]
tree_sizes=1787 1776 1670 1571 2096 1578 1904 1794 1584 1583 1683 1379 1691 1904 1375 1482 1801 1579 1797 1483 1475 1487 1588 1477 1590 1489

Tree=0
num_leaves=16
num_cat=0
split_feature=0 2 1 3 1 1 2 2 1 1 3 1 3 2 3
split_gain=266.237 69.4047 13.5557 4.45359 2.25958 2.06096 0.960891 0.767549 0.730995 0.641775 0.45818 0.151721 0.141408 0.091628 0.00637052
threshold=4.5000000000000009 3.5000000000000004 57.500000000000007 1.5000000000000002 59.500000000000007 40.500000000000007 3.5000000000000004 2.5000000000000004 43.500000000000007 66.500000000000014 3.5000000000000004 66.500000000000014 4.5000000000000009 1.5000000000000002 3.5000000000000004
decision_type=2 2 2 2 2 2 2 2 2 2 2 2 2 2 2
left_child=1 2 5 9 8 -1 -6 13 -2 -4 -3 -8 14 -7 -10
right_child=4 10 3 -5 6 7 11 -9 12 -11 -12 -13 -14 -15 -16
leaf_value=-0.33282774326654596 -0.028952671417232179 -0.1537522620243319 -0.26075948875247806 -0.19082068944124078 0.020227568894998382 -0.30351757180126027 0.038343533931243817 -0.26075948875247806 0.0014830727734278237 -0.22586450236308256 -0.10417725861238558 0.053695618963519404 0.020227568894998382 -0.29248779642318939 0.0058297372089624599
leaf_weight=18.15249314904213 6.1054067015647915 5.8276850581169155 8.3646196424961108 11.078692495822905 10.430488854646681 15.824548333883286 9.6844959855079669 6.3753053247928611 5.8964169323444366 5.4203226864337912 18.903514891862869 19.199676722288132 8.2031274139881134 14.372237116098404 7.8751140832901001
leaf_count=73 22 22 33 42 37 63 34 25 21 21 69 67 29 57 28
internal_value=-0.131594 -0.231678 -0.277464 -0.216237 0.0233232 -0.305282 0.0387979 -0.29161 0.00165722 -0.257122 -0.104177 0.0485483 0.0101618 -0.298268 0.00396867
internal_weight=171.714 104.319 79.5882 24.8636 67.3947 54.7246 39.3147 36.5721 28.0801 13.7849 24.7312 28.8842 21.9747 30.1968 13.7715
internal_count=643 405 314 96 238 218 138 145 100 54 91 101 78 120 49
is_linear=0
shrinkage=1


Tree=1
num_leaves=16
num_cat=0
split_feature=0 2 1 3 1 1 3 2 1 1 1 3 2 3 3
split_gain=213.607 58.8636 11.6416 3.85977 1.79984 1.79539 0.83961 0.659252 0.588015 0.547771 0.331156 0.114455 0.0791867 0.00512929 0.00242491
threshold=4.5000000000000009 3.5000000000000004 57.500000000000007 1.5000000000000002 59.500000000000007 40.500000000000007 3.5000000000000004 2.5000000000000004 43.500000000000007 66.500000000000014 72.500000000000014 4.5000000000000009 1.5000000000000002 3.5000000000000004 3.5000000000000004
decision_type=2 2 2 2 2 2 2 2 2 2 2 2 2 2 2
left_child=1 2 5 9 8 -1 -6 12 -2 -4 -8 13 -7 -10 -3
right_child=4 14 3 -5 6 7 10 -9 11 -11 -12 -13 -14 -15 -16
leaf_value=-0.17168936538357851 0.10516861451567755 -0.0065749844594370126 -0.10418735217228786 -0.040995215186872255 0.14908365624512068 -0.14399152100141857 0.1658057750016749 -0.10418735217228786 0.13237640120143832 -0.072028197028407653 0.18695677937591515 0.14908365624512068 -0.133651732798135 0.13626626710800696 0.037565981728147901
leaf_weight=17.753778696060181 6.1369161307811764 5.8244985193014172 8.2682021111249941 11.037421733140944 7.9142749160528174 15.548695608973503 19.754605323076252 6.3018182963132849 5.9280867576599121 5.3805244863033286 11.838404789566992 8.2463473081588745 14.144757598638535 7.9173481017351151 18.953584104776382
leaf_count=73 22 22 33 42 28 63 69 25 21 21 41 29 57 28 69
internal_value=0.0138513 -0.0767043 -0.119556 -0.0627092 0.151836 -0.145665 0.165615 -0.13283 0.132552 -0.101664 0.173731 0.140159 -0.139066 0.134601 0.037566
internal_weight=170.949 103.213 78.4352 24.6861 67.736 53.7491 39.5073 35.9953 28.2287 13.6487 31.593 22.0918 29.6935 13.8454 24.7781
internal_count=643 405 314 96 238 218 138 145 100 54 110 78 120 49 91
is_linear=0
shrinkage=0.1


Tree=2
num_leaves=15
num_cat=0
split_feature=0 2 1 3 1 1 2 2 1 1 1 3 2 3
split_gain=173.233 50.5005 10.2861 3.37827 1.64843 1.52124 0.787664 0.58662 0.494688 0.481412 0.113709 0.098081 0.071584 0.00434679
threshold=4.5000000000000009 3.5000000000000004 57.500000000000007 1.5000000000000002 40.500000000000007 59.500000000000007 3.5000000000000004 2.5000000000000004 43.500000000000007 66.500000000000014 66.500000000000014 4.5000000000000009 1.5000000000000002 3.5000000000000004
decision_type=2 2 2 2 2 2 2 2 2 2 2 2 2 2
left_child=1 2 4 9 -1 8 -7 12 -2 -4 -8 13 -6 -10
right_child=5 -3 3 -5 7 6 10 -9 11 -11 -12 -13 -14 -15
leaf_value=-0.16037970157272891 0.094771105835748728 0.03414698791293503 -0.095664766648576149 -0.03788254647440073 -0.13328414146799175 0.13514412986202648 0.15061258754725732 -0.095664766648576149 0.11969322565429444 -0.065856453713266816 0.16394126535191678 0.13514412986202648 -0.12332877579205528 0.12328256418818039
leaf_weight=17.136220440268517 6.1292968094348934 24.80548794567585 8.1356419175863284 10.989894479513167 15.138872399926186 10.396425783634184 9.6381130069494265 6.2007841914892188 5.9016136527061462 5.3303082287311545 19.054860070347786 8.1883678138256073 13.812807202339172 7.8775843977928162
leaf_count=73 22 91 33 42 63 37 34 25 21 21 67 29 57 28
internal_value=0.0130703 -0.0693457 -0.109912 -0.0563801 -0.134949 0.13764 0.150397 -0.122553 0.119891 -0.0938304 0.159464 0.1269 -0.128534 0.121745
internal_weight=168.736 101.55 76.7445 24.4558 52.2887 67.1863 39.0894 35.1525 28.0969 13.466 28.693 21.9676 28.9517 13.7792
internal_count=643 405 314 96 218 238 138 145 100 54 101 78 120 49
is_linear=0
shrinkage=0.1


Tree=3
num_leaves=14
num_cat=0
split_feature=0 2 1 3 1 1 3 2 1 1 1 2 3
split_gain=141.98 43.235 9.2783 2.97302 1.57087 1.35047 0.738717 0.535485 0.440572 0.432246 0.287893 0.0667799 0.0101968
threshold=4.5000000000000009 3.5000000000000004 57.500000000000007 1.5000000000000002 40.500000000000007 59.500000000000007 3.5000000000000004 2.5000000000000004 47.500000000000007 66.500000000000014 72.500000000000014 1.5000000000000002 4.5000000000000009
decision_type=2 2 2 2 2 2 2 2 2 2 2 2 2
left_child=1 2 4 9 -1 8 -7 11 -2 -4 -8 -6 -10
right_child=5 -3 3 -5 7 6 10 -9 12 -11 -12 -13 -14
leaf_value=-0.15143265455270238 0.092785672655131352 0.031483906009001437 -0.088310183259301345 -0.035046753005528751 -0.12426345746724032 0.12375433018180955 0.13872677068922529 -0.088310183259301345 0.11719140784023432 -0.060969581340987733 0.15879943314272252 -0.1144957382552351 0.12231030041773897
leaf_weight=16.372792422771454 10.238326326012613 24.835779532790184 7.978812903165819 10.938091963529585 14.639870658516884 7.6975032091140738 19.146875575184826 6.0812530219554892 11.695892632007601 5.2730816006660461 11.399403631687163 13.411432176828384 5.8317890614271155
leaf_count=73 37 91 33 42 63 28 69 25 42 21 41 57 21
internal_value=0.0123339 -0.0630861 -0.101577 -0.0506516 -0.125969 0.126054 0.138241 -0.113754 0.109267 -0.0868924 0.146218 -0.119593 0.118895
internal_weight=165.541 99.5311 74.6953 24.19 50.5053 66.0098 38.2438 34.1326 27.766 13.2519 30.5463 28.0513 17.5277
internal_count=643 405 314 96 218 238 138 145 100 54 110 120 63
is_linear=0
shrinkage=0.1


Tree=4
num_leaves=19
num_cat=0
split_feature=0 2 1 3 1 1 2 2 1 1 1 3 1 2 1 3 1 1
split_gain=116.956 37.2062 8.49701 2.62414 1.53647 1.23302 0.737683 0.497632 0.400859 0.394955 0.10452 0.0916747 0.0823637 0.0636512 0.00459772 0.00335066 7.10543e-15 3.55271e-15
threshold=4.5000000000000009 3.5000000000000004 57.500000000000007 1.5000000000000002 40.500000000000007 59.500000000000007 3.5000000000000004 2.5000000000000004 43.500000000000007 66.500000000000014 66.500000000000014 4.5000000000000009 61.500000000000007 1.5000000000000002 50.500000000000007 3.5000000000000004 35.500000000000007 28.500000000000004
decision_type=2 2 2 2 2 2 2 2 2 2 2 2 2 2 2 2 2 2
left_child=1 2 4 9 16 8 -7 13 -2 -4 -8 15 14 -6 -3 -10 17 -1
right_child=5 12 3 -5 7 6 10 -9 11 -11 -12 -13 -14 -15 -16 -17 -18 -19
leaf_value=-0.14420513352542672 0.077356197696769699 -0.0012201192588536429 -0.081831841801055738 -0.032421558903482542 -0.11647879447184262 0.11410811626506093 0.12865394972764874 -0.081831841801055738 0.09966659274165518 -0.056533734997065821 0.14177078562118184 0.11410811626506093 0.029370282483680329 -0.10676918006841551 0.0025103177941224715 0.10286504441790828 -0.14420513352542666 -0.14420513352542666
leaf_weight=5.314363166689871 6.0326602458953884 5.895898640155794 7.8065754324197787 10.883552521467207 14.085349678993225 9.951588422060011 9.177161857485773 5.9499778896570197 5.7347036898136157 5.210891455411911 17.971086516976357 7.8958942145109168 11.4399356842041 12.967034727334976 7.5150909125804901 7.6371443569660187 5.5269376933574668 4.676639586687088
leaf_count=25 22 22 33 42 63 37 34 25 21 21 67 29 41 57 28 28 26 22
internal_value=0.0117078 -0.0574979 -0.0942134 -0.0454096 -0.118254 0.116238 0.128108 -0.106052 0.100108 -0.0806459 0.137337 0.106562 0.0293703 -0.111825 0.000870299 0.101493 -0.144205 -0.144205
internal_weight=161.672 97.2722 72.4213 23.901 48.5203 64.4002 37.0998 33.0024 27.3004 13.0175 27.1482 21.2677 24.8509 27.0524 13.411 13.3718 15.5179 9.991
internal_count=643 405 314 96 218 238 138 145 100 54 101 78 91 120 50 49 73 47
is_linear=0
shrinkage=0.1


Tree=5
num_leaves=14
num_cat=0
split_feature=0 2 1 3 1 3 2 1 2 1 1 2 3
split_gain=96.2737 32.7534 7.86492 2.32683 1.52994 1.18043 2.53282 1.38928 0.468053 0.365453 0.252207 0.0615304 0.00798911
threshold=4.5000000000000009 3.5000000000000004 57.500000000000007 1.5000000000000002 40.500000000000007 3.5000000000000004 3.5000000000000004 57.500000000000007 2.5000000000000004 66.500000000000014 72.500000000000014 1.5000000000000002 3.5000000000000004
decision_type=2 2 2 2 2 2 2 2 2 2 2 2 2
left_child=1 2 4 9 -1 6 -2 -7 11 -4 -9 -6 -3
right_child=5 12 3 -5 8 7 -8 10 -10 -11 -12 -13 -14
leaf_value=-0.13826881599320248 0.03546820779413546 -0.013975697438120488 -0.076032997566508498 -0.029857696572199666 -0.10961996203410483 0.099832876406935278 0.099832876406935278 0.12196428986973039 -0.076032997566508498 -0.052410200961689982 0.14085225189460257 -0.099883299212103663 0.027873356528797962
leaf_weight=14.61232917010784 7.0627737641334507 5.8494810760021236 7.625606298446657 10.827553153038023 13.500561550259594 14.932494089007376 8.5268157720565796 21.442620128393177 5.8120477199554434 5.1457020938396454 10.546578362584112 12.499448865652084 19.003342747688293
leaf_count=73 27 22 33 42 63 56 32 82 25 21 41 57 69
internal_value=0.0114389 -0.0520459 -0.0875887 -0.0405827 -0.111483 0.107793 0.0839523 0.115713 -0.0991798 -0.0749627 0.128191 -0.104939 0.0278734
internal_weight=157.387 94.8761 70.0232 23.5989 46.4244 62.5113 15.5896 46.9217 31.8121 12.7713 31.9892 26 24.8528
internal_count=643 405 314 96 218 238 59 179 145 54 123 120 91
is_linear=0
shrinkage=0.1


Tree=6
num_leaves=17
num_cat=0
split_feature=0 2 1 3 1 1 2 2 1 1 1 1 2 3 1 1
split_gain=79.7472 28.7353 7.33133 2.06599 1.54169 1.12181 0.690929 0.443586 0.36019 0.340921 0.106247 0.0759725 0.059994 0.00542187 0.0035368 3.55271e-15
threshold=4.5000000000000009 3.5000000000000004 57.500000000000007 1.5000000000000002 40.500000000000007 59.500000000000007 3.5000000000000004 2.5000000000000004 47.500000000000007 66.500000000000014 66.500000000000014 61.500000000000007 1.5000000000000002 4.5000000000000009 50.500000000000007 31.500000000000004
decision_type=2 2 2 2 2 2 2 2 2 2 2 2 2 2 2 2
left_child=1 2 4 9 15 8 -7 12 -2 -4 -8 14 -6 -10 -3 -1
right_child=5 11 3 -5 7 6 10 -9 13 -11 -12 -13 -14 -15 -16 -17
leaf_value=-0.13332695635172009 0.069692744307293289 -0.0029445909336614541 -0.070776115642705584 -0.027435955717255118 -0.10346682058654399 0.098636494435094715 0.11273368649945897 -0.070776115642705584 0.092689095496301555 -0.048593455288255143 0.12648514690863047 0.026669520402978611 -0.093649044860675323 0.096564016643365586 0.00032774429328482599 -0.13332695635172007
leaf_weight=5.9994268417358381 9.7646957486867922 5.8941171467304247 7.4409404397010821 10.771367102861403 12.904333263635639 9.3792090117931348 8.5276853144168872 5.6712999939918509 10.971868097782137 5.0791440010070801 16.469246327877045 11.435244604945181 12.023473620414734 5.3823606222867957 7.5129166543483734 7.6867656409740448
leaf_count=32 37 22 33 42 63 37 34 25 42 21 67 41 57 21 28 41
internal_value=0.0112532 -0.0471737 -0.0815414 -0.0361238 -0.105428 0.100513 0.112383 -0.0929501 0.0848903 -0.069751 0.121794 0.0266695 -0.0987314 0.0939644 -0.00111087 -0.133327
internal_weight=152.914 92.419 67.5768 23.2915 44.2853 60.4951 34.3761 30.5991 26.1189 12.5201 24.9969 24.8423 24.9278 16.3542 13.407 13.6862
internal_count=643 405 314 96 218 238 138 145 100 54 101 91 120 63 50 73
is_linear=0
shrinkage=0.1


Tree=7
num_leaves=16
num_cat=0
split_feature=0 3 1 2 1 2 1 1 2 1 1 3 2 3 1
split_gain=65.7744 25.841 5.84893 3.09163 2.57344 1.71197 1.06648 0.977378 0.682414 0.327985 0.106872 0.0834142 0.0733382 0.000255423 3.55271e-15
threshold=4.5000000000000009 3.5000000000000004 67.500000000000014 2.5000000000000004 60.500000000000007 3.5000000000000004 59.500000000000007 40.500000000000007 3.5000000000000004 43.500000000000007 66.500000000000014 4.5000000000000009 1.5000000000000002 3.5000000000000004 35.500000000000007
decision_type=2 2 2 2 2 2 2 2 2 2 2 2 2 2 2
left_child=1 2 3 7 5 -3 9 14 -8 -2 -10 13 -9 -11 -1
right_child=6 4 -4 -5 -6 -7 8 12 10 11 -12 -13 -14 -15 -16
leaf_value=-0.12916706018011043 0.05749522777303151 -0.026306585220557611 -0.026306585220557611 -0.058870920330559698 0.025635712724520855 0.0032268709381148399 0.092064617941527899 -0.099426910227607079 0.10610088769539168 0.079073773151629029 0.12021099712641117 0.092064617941527899 -0.089925023864484421 0.079988158291286013 -0.12916706018011037
leaf_weight=7.3424052000045759 5.7820671945810345 4.8779443204402932 9.0207704752683622 9.895660534501074 11.876564621925352 10.545841872692108 9.0657443851232511 17.081689745187759 8.1732663959264773 5.3794547766447085 15.639056518673895 7.2453648000955573 15.48784853518009 7.0697820633649826 3.8460217714309692
leaf_count=42 22 23 36 42 43 39 37 84 34 21 67 29 74 28 22
internal_value=0.0111063 -0.0425218 -0.0782489 -0.0914353 0.0256357 -0.019182 0.0937932 -0.103668 0.105693 0.0784358 0.115368 0.0845836 -0.0949085 0.079593 -0.129167
internal_weight=148.329 89.9747 62.6744 53.6536 27.3004 15.4238 58.3547 43.758 32.8781 25.4767 23.8123 19.6946 32.5695 12.4492 11.1884
internal_count=643 405 300 264 105 62 238 222 138 100 101 78 158 49 64
is_linear=0
shrinkage=0.1


Tree=8
num_leaves=14
num_cat=0
split_feature=3 0 1 1 1 1 3 2 2 3 1 1 1
split_gain=54.6244 15.3731 9.78569 2.68377 1.48299 1.43448 0.932406 0.244216 0.190463 0.186639 0.156859 0.108339 1.88144e-05
threshold=1.5000000000000002 4.5000000000000009 61.500000000000007 39.500000000000007 66.500000000000014 59.500000000000007 3.5000000000000004 3.5000000000000004 1.5000000000000002 3.5000000000000004 53.500000000000007 66.500000000000014 27.500000000000004
decision_type=2 2 2 2 2 2 2 2 2 2 2 2 2
left_child=3 2 -2 12 8 9 -4 -7 -5 -3 -11 -9 -1
right_child=1 5 6 4 -6 7 -8 11 -10 10 -12 -13 -14
leaf_value=-0.12598368461730644 -0.011465059726257937 0.056674551360811509 0.019238887148846948 -0.082020863943518457 -0.019649975678868184 0.088877017618158971 0.049942834023951832 0.10010960274207592 -0.066583182452315898 0.067199950917520151 0.086420950605744548 0.11466412839116187 -0.12568992282437486
leaf_weight=3.5998826622962934 23.902117729187012 6.2891324162483242 7.9575624167919186 15.281265020370482 5.9671104252338401 7.5635904818773296 11.360918015241621 7.8149740695953396 16.753767818212509 8.4651806354522723 8.5180774033069593 14.79968126118183 5.5284124910831451
leaf_count=22 102 25 31 79 25 32 41 34 82 34 35 67 34
internal_value=0.0111525 0.0541867 0.00983979 -0.0771168 -0.0654214 0.0900459 0.0499428 0.104432 -0.0739472 0.0713908 0.0768404 0.109635 -0.125806
internal_weight=143.802 96.6712 43.2206 47.1304 38.0021 53.4506 19.3185 30.1782 32.035 23.2724 16.9833 22.6147 9.1283
internal_count=643 401 174 242 186 227 72 133 161 94 69 101 56
is_linear=0
shrinkage=0.1


Tree=9
num_leaves=14
num_cat=0
split_feature=0 2 1 1 1 3 3 1 2 2 1 1 2
split_gain=46.1182 20.9961 6.11815 1.59411 1.42681 1.28731 0.55095 0.806607 0.70949 0.328914 0.296452 0.255628 0.0489191
threshold=4.5000000000000009 3.5000000000000004 57.500000000000007 40.500000000000007 42.500000000000007 1.5000000000000002 3.5000000000000004 57.500000000000007 3.5000000000000004 2.5000000000000004 72.500000000000014 66.500000000000014 1.5000000000000002
decision_type=2 2 2 2 2 2 2 2 2 2 2 2 2
left_child=1 2 3 -1 -2 11 8 -8 -6 12 -9 -4 -5
right_child=4 -3 5 9 6 -7 7 10 -10 -11 -12 -13 -14
leaf_value=-0.12346394761787771 0.030629041387252615 0.023632095710825283 -0.058848686699577907 -0.088745504684581603 0.059128482807736416 -0.021977567707986163 0.081336964967202066 0.096770545384357823 0.081336964967202066 -0.058848686699577907 0.11937156577960216 -0.038790190501733379 -0.079324602856105
leaf_weight=11.21013258397579 4.8207329511642447 24.779488518834114 6.7767568230628985 11.27043338119984 5.1103425025939924 10.693192705512045 10.662417143583296 18.087742745876316 6.9408918917179108 5.3737439960241309 8.5455023497343046 4.9302006661891937 10.787335529923439
leaf_count=73 19 91 33 63 21 42 45 82 30 25 41 21 57
internal_value=0.0103087 -0.035291 -0.0675872 -0.0916915 0.0825552 -0.0260059 0.0876279 0.0936343 0.0690396 -0.0787074 0.104022 -0.0556028 -0.0841382
internal_weight=139.989 85.8213 61.0418 38.6416 54.1676 22.4002 49.3469 37.2957 12.0512 27.4315 26.6332 11.707 22.0578
internal_count=643 405 314 218 238 96 219 168 51 145 123 54 120
is_linear=0
shrinkage=0.1


Tree=10
num_leaves=15
num_cat=0
split_feature=3 0 1 1 1 1 3 2 2 3 1 1 1 1
split_gain=39.0188 11.042 8.37305 2.58218 1.3613 1.1818 0.540722 0.259063 0.167358 0.16051 0.126192 0.115414 0.0158546 9.35325e-06
threshold=1.5000000000000002 4.5000000000000009 61.500000000000007 39.500000000000007 59.500000000000007 66.500000000000014 3.5000000000000004 3.5000000000000004 1.5000000000000002 3.5000000000000004 53.500000000000007 66.500000000000014 57.500000000000007 27.500000000000004
decision_type=2 2 2 2 2 2 2 2 2 2 2 2 2 2
left_child=3 2 -2 13 9 8 -4 -6 12 -3 -11 -9 -5 -1
right_child=1 4 6 5 7 -7 -8 11 -10 10 -12 -13 -14 -15
leaf_value=-0.12024848333994186 -0.010554581847062176 0.046757861856564678 0.01694318421413343 -0.074656502037907801 0.07745080521557654 -0.015589203791232371 0.04444095027532903 0.089536064314816921 -0.057603945952272168 0.057096288932793365 0.074865809757609175 0.10533819446492208 -0.06712825346181675 -0.12002449903837609
leaf_weight=3.0791353285312644 23.488690689206123 6.0282025486230877 7.9584490507841137 10.24531511962414 6.9650458991527584 5.8668049722909918 11.330446630716322 7.1152328550815609 15.764528632164 8.0607871413230878 7.9263868182897559 13.190216630697249 3.8482402712106696 4.7255930602550507
leaf_count=22 102 25 31 60 32 25 41 34 82 34 35 67 19 34
internal_value=0.0100089 0.0468954 0.00972181 -0.0680045 0.0791601 -0.0566206 0.044441 0.0940926 -0.0646828 0.0606632 0.0659064 0.099801 -0.0726009 -0.120113
internal_weight=135.593 92.0635 42.7776 43.5296 49.2859 35.7249 19.2889 27.2705 29.8581 22.0154 15.9872 20.3054 14.0936 7.80473
internal_count=643 401 174 242 227 186 72 133 161 94 69 101 79 56
is_linear=0
shrinkage=0.1


Tree=11
num_leaves=12
num_cat=0
split_feature=2 0 1 0 3 1 1 1 2 1 1
split_gain=34.211 7.57225 6.83731 7.24748 3.51571 3.21343 1.47311 1.31999 0.648426 0.168152 0.00117672
threshold=2.5000000000000004 4.5000000000000009 61.500000000000007 4.5000000000000009 3.5000000000000004 67.500000000000014 40.500000000000007 69.500000000000014 1.5000000000000002 58.500000000000007 76.500000000000014
decision_type=2 2 2 2 2 2 2 2 2 2 2
left_child=1 5 3 -2 -4 6 -1 -6 -8 -10 -9
right_child=2 -3 4 -5 7 -7 8 10 9 -11 -12
leaf_value=-0.11867450379295182 -0.00048867177669169044 -0.00048867177669169044 0.053394226243053788 0.053394226243053788 0.082823859597365393 -0.035287348093457731 -0.086545530051360245 0.12672168368330988 -0.071557076885715207 -0.058600213197550093 0.12867820372057961
leaf_weight=8.5680467337369901 21.45418056845665 8.2367429286241514 10.277509570121763 20.510316044092178 13.885661169886591 5.3058135807514182 15.437220826745035 5.7723923474550229 10.075743928551676 5.959454119205474 6.5759041011333466
leaf_count=65 90 36 44 91 63 22 88 28 57 27 32
internal_value=0.00928063 -0.0523156 0.0513382 0.0238056 0.0829829 -0.070086 -0.0819131 0.103977 -0.0719052 -0.0586002 0.127764
internal_weight=132.059 53.583 78.476 41.9645 36.5115 45.3463 40.0405 26.234 31.4724 16.0352 12.3483
internal_count=643 295 348 181 167 259 237 123 172 84 60
is_linear=0
shrinkage=0.1


Tree=12
num_leaves=15
num_cat=0
split_feature=3 0 1 1 1 1 0 2 3 2 0 2 1 1
split_gain=28.9703 10.341 7.15142 3.8224 2.16591 2.02589 1.77381 1.67437 0.539525 0.330401 0.21028 0.0451719 0.0378441 1.04748e-05
threshold=3.5000000000000004 4.5000000000000009 57.500000000000007 40.500000000000007 67.500000000000014 72.500000000000014 4.5000000000000009 2.5000000000000004 4.5000000000000009 3.5000000000000004 4.5000000000000009 1.5000000000000002 66.500000000000014 53.500000000000007
decision_type=2 2 2 2 2 2 2 2 2 2 2 2 2 2
left_child=1 3 6 -1 7 8 -2 11 9 -4 -11 -5 -10 -8
right_child=2 -3 5 4 -6 -7 13 -9 12 10 -12 -13 -14 -15
leaf_value=-0.11871931644798515 0.010494414238653542 0.010494414238653542 0.051236664858813091 -0.077710647940324562 -0.024038729022941692 0.12627322478207356 0.049167642671301401 -0.041702381961669567 0.086392811885790496 0.061677991743565856 0.077170420512320259 -0.069539773158840232 0.099233380859107198 0.04935676188038271
leaf_weight=8.8112068921327573 12.517247766256332 13.195258751511572 5.5827955454587945 13.899706691503525 8.8551646769046766 9.2931915670633298 7.7252204567193985 8.3102979660034162 5.3530206978321093 5.6973693072795868 7.2004353255033493 13.183220610022545 4.0181321054697037 4.7169075161218643
leaf_count=71 52 59 24 84 36 49 34 35 25 21 38 74 19 22
internal_value=0.00895744 -0.0370381 0.0580269 -0.0585719 -0.0465947 0.0858434 0.0166299 -0.059366 0.0723533 0.0624423 0.0721193 -0.0737333 0.0918985 0.0492393
internal_weight=128.359 66.2549 62.1043 53.0596 44.2484 37.1449 24.9594 35.3932 27.8518 18.4806 12.8978 27.0829 9.37115 12.4421
internal_count=643 359 284 300 229 176 108 193 127 83 59 158 44 56
is_linear=0
shrinkage=0.1


Tree=13
num_leaves=17
num_cat=0
split_feature=0 2 1 1 1 3 1 1 3 1 2 2 3 2 1 1
split_gain=23.9886 12.275 4.76194 1.66265 1.15757 0.767812 0.620808 0.463197 0.37145 0.64884 0.522415 0.148896 0.0445487 0.0357147 0.0338791 0.000246603
threshold=4.5000000000000009 3.5000000000000004 57.500000000000007 40.500000000000007 42.500000000000007 3.5000000000000004 67.500000000000014 77.500000000000014 3.5000000000000004 57.500000000000007 3.5000000000000004 2.5000000000000004 4.5000000000000009 1.5000000000000002 61.500000000000007 50.500000000000007
decision_type=2 2 2 2 2 2 2 2 2 2 2 2 2 2 2 2
left_child=1 2 3 -1 -2 6 -4 8 10 -10 -6 13 -11 -5 15 -3
right_child=4 14 5 11 7 -7 -8 -9 9 12 -12 -13 -14 -15 -16 -17
leaf_value=-0.11544429834221465 0.020064072920924318 -0.00082723389925539815 -0.046632906217955655 -0.072042365850874576 0.04529850211560791 -0.01629376971446397 -0.02690692050353697 0.10047921167296597 0.061825060662437516 0.076706892098011778 0.061825060662437516 -0.048442332814785459 0.083675840469239218 -0.063289538917772462 0.020064072920924318 3.8081453084127925e-05
leaf_weight=8.3218411728739721 4.5975701361894599 5.8767468780279177 9.8985390365123802 9.323805376887325 4.4254834949970228 4.253413498401641 7.1472970992326728 4.6025244742631903 9.545279189944269 10.325898200273516 5.8719412833452225 5.1395974010229102 7.4847013205289832 9.323251947760582 11.096132189035414 7.4922433495521545
leaf_count=73 19 22 50 63 19 16 30 28 45 57 28 25 42 57 41 28
internal_value=0.0088034 -0.025214 -0.0526516 -0.076972 0.0653421 -0.0162938 -0.0375201 0.0705329 0.0668725 0.0729663 0.0506839 -0.0635124 0.0836758 -0.0676661 0.0200641 -0.000342294
internal_weight=124.726 77.8729 53.4077 32.1085 46.8534 21.2992 17.0458 42.2558 37.6533 27.3559 10.2974 23.7867 17.8106 18.6471 24.4651 13.369
internal_count=643 405 314 218 238 96 80 219 191 144 47 145 99 120 91 50
is_linear=0
shrinkage=0.1


Tree=14
num_leaves=12
num_cat=0
split_feature=2 1 0 0 3 1 1 1 2 1 1
split_gain=20.1901 4.92612 4.96883 4.80308 2.64485 2.64286 1.54751 1.30004 0.592077 0.071797 0.000409111
threshold=2.5000000000000004 61.500000000000007 4.5000000000000009 4.5000000000000009 3.5000000000000004 67.500000000000014 40.500000000000007 69.500000000000014 1.5000000000000002 58.500000000000007 73.500000000000014
decision_type=2 2 2 2 2 2 2 2 2 2 2
left_child=3 2 -2 5 -3 6 -1 -6 -8 -10 -9
right_child=1 4 -4 -5 7 -7 8 10 9 -11 -12
leaf_value=-0.11318910219563248 0.00018388829005340225 0.044439905605076026 0.044439905605076026 0.00018388829005340225 0.068750145886402686 -0.028483377197741907 -0.07481252143448365 0.11549780264585037 -0.059305086787680927 -0.049115449038100306 0.1168181777709425
leaf_weight=6.6373826637864104 21.129579454660416 10.002745658159254 19.001612156629562 7.8610032796859732 12.577537745237352 5.1729069650173178 13.586731255054474 3.5299108177423459 8.9733622670173627 5.6296034604310998 7.0004573315382004
leaf_count=65 90 44 91 36 63 22 88 18 57 27 42
internal_value=0.0089357 0.0419425 0.0183857 -0.0415747 0.0704941 -0.0571506 -0.0697475 0.0904532 -0.059519 -0.0491154 0.116376
internal_weight=121.103 73.2418 40.1312 47.861 33.1107 40 34.8271 23.1079 28.1897 14.603 10.5304
internal_count=643 348 181 295 167 259 237 123 172 84 60
is_linear=0
shrinkage=0.1


Tree=15
num_leaves=13
num_cat=0
split_feature=3 0 1 1 0 1 1 2 3 2 1 2
split_gain=17.1987 6.6548 5.64484 3.6195 2.37339 1.53676 1.45617 1.2376 0.567944 0.077959 0.0749636 0.0356388
threshold=3.5000000000000004 4.5000000000000009 60.500000000000007 40.500000000000007 4.5000000000000009 67.500000000000014 72.500000000000014 2.5000000000000004 4.5000000000000009 3.5000000000000004 53.500000000000007 1.5000000000000002
decision_type=2 2 2 2 2 2 2 2 2 2 2 2
left_child=1 3 4 -1 -2 7 8 11 9 -4 -6 -5
right_child=2 -3 6 5 10 -7 -8 -9 -10 -11 -12 -13
leaf_value=-0.11431643751525469 0.0095830295569841323 0.0095830295569841323 0.049118913818385027 -0.065506427634044073 0.038563718550781931 -0.018856597738522708 0.11702393668415245 -0.033439858604046836 0.090906523616186577 0.060585282177408085 0.049118913818385027 -0.057809519952333438
leaf_weight=6.8966021463274947 14.989033982157707 12.617955610156057 4.6389639228582427 12.184713453054428 7.254361167550087 8.7220405340194684 7.8117593452334395 8.1579695641994459 6.250734716653823 8.8081880211830139 7.7093124836683273 11.882149949669838
leaf_count=71 62 59 21 84 34 36 49 35 33 45 40 74
internal_value=0.00861146 -0.0286191 0.0477852 -0.0472962 0.017748 -0.0360081 0.0804898 -0.0480231 0.0660012 0.0544242 0.0491189 -0.0617064
internal_weight=117.924 60.4614 57.4624 47.8435 29.9527 40.9469 27.5096 32.2248 19.6979 13.4472 14.9637 24.0669
internal_count=643 359 284 300 136 229 148 193 99 66 74 158
is_linear=0
shrinkage=0.1


Tree=16
num_leaves=16
num_cat=0
split_feature=0 2 1 1 1 1 3 1 2 1 3 3 2 2 1
split_gain=14.3341 7.7764 4.01065 1.68984 0.951486 0.40355 0.400555 0.477593 0.278391 0.497507 0.400945 0.173354 0.0670556 0.0227296 0.0115464
threshold=4.5000000000000009 3.5000000000000004 57.500000000000007 40.500000000000007 42.500000000000007 77.500000000000014 3.5000000000000004 67.500000000000014 3.5000000000000004 59.500000000000007 3.5000000000000004 3.5000000000000004 1.5000000000000002 2.5000000000000004 66.500000000000014
decision_type=2 2 2 2 2 2 2 2 2 2 2 2 2 2 2
left_child=1 2 3 -1 -2 8 7 -4 10 -10 -6 -3 -5 -14 -11
right_child=4 11 6 12 5 -7 -8 -9 9 14 -12 -13 13 -15 -16
leaf_value=-0.11145308316820984 0.018037213101245776 -0.0096903284082499336 -0.039402525138308532 -0.060429299427489806 0.03894821917376428 0.090955084570113476 -0.012019610277210119 -0.020153695540563427 0.052297531109331552 0.066615787082791866 0.052297531109331552 0.018037213101245776 -0.052084275294126861 -0.043556895780079576 0.073695369520374879
leaf_weight=6.4998964294791248 4.465124011039733 5.8020710200071361 9.1786655336618477 8.0979071408510226 4.2941338121891004 3.7595097348093978 4.2449748516082755 7.0241286009550086 12.220137119293215 5.5278058946132642 5.6660448014736176 18.272418722510338 8.3590174466371518 4.9928366094827643 6.4390286728739738
leaf_count=73 19 22 50 63 19 28 16 30 62 34 31 69 57 25 45
internal_value=0.00844217 -0.0185716 -0.0420764 -0.0667854 0.054646 0.0598592 -0.0120196 -0.0282878 0.0564357 0.0622299 0.0423652 0.0180372 -0.0532499 -0.0488955 0.0736954
internal_weight=114.844 72.4719 48.3974 27.9497 42.3718 37.9067 20.4478 16.2028 34.1472 24.187 9.96018 24.0745 21.4498 13.3519 11.9668
internal_count=643 405 314 218 238 219 96 80 191 141 50 91 145 82 79
is_linear=0
shrinkage=0.1


Tree=17
num_leaves=14
num_cat=0
split_feature=3 1 1 0 0 1 1 2 3 2 1 2 2
split_gain=11.6417 4.92757 4.75813 3.40354 1.71826 1.51643 1.4565 1.25098 0.525216 0.129135 0.0947777 0.058629 0.0296495
threshold=3.5000000000000004 60.500000000000007 39.500000000000007 4.5000000000000009 4.5000000000000009 67.500000000000014 72.500000000000014 2.5000000000000004 4.5000000000000009 1.5000000000000002 56.500000000000007 3.5000000000000004 1.5000000000000002
decision_type=2 2 2 2 2 2 2 2 2 2 2 2 2
left_child=2 4 9 5 -2 7 8 12 11 -1 -6 -3 -4
right_child=1 6 3 -5 10 -7 -8 -9 -10 -11 -12 -13 -14
leaf_value=-0.12344826510357976 0.00913771041663064 0.043320445549097412 -0.05924688564703337 0.00913771041663064 0.033655849749536587 -0.010366089866049186 0.11239539974672402 -0.026008814328284148 0.083802645482488253 -0.093684794489845027 0.043320445549097412 0.053223890165882116 -0.052038525780673688
leaf_weight=2.9463585540652266 14.891503117978573 4.5357221961021468 11.43740484118462 11.789013281464575 10.324877917766569 8.638368681073187 6.9676507115364066 8.0089161396026594 5.799558497965335 2.8852120488882065 3.9046231806278238 8.332241103053093 11.387361563742161
leaf_count=37 62 21 86 57 52 36 49 35 33 31 22 45 77
internal_value=0.00846363 0.0414068 -0.0231314 -0.0133944 0.013261 -0.0298699 0.0733799 -0.0416515 0.0588174 -0.108723 0.0433204 0.0475566 -0.0556506
internal_weight=111.849 54.7562 57.0926 51.2611 29.121 39.4721 25.6352 30.8337 18.6675 5.83157 14.2295 12.868 22.8248
internal_count=643 284 359 291 136 234 148 198 99 68 74 66 163
is_linear=0
shrinkage=0.1


Tree=18
num_leaves=16
num_cat=0
split_feature=0 2 1 1 1 1 2 1 3 1 3 1 2 1 2
split_gain=9.96637 5.70963 3.47776 1.68388 0.776224 0.361119 0.261 0.465989 0.305493 0.253372 0.216676 0.387919 0.0512553 0.0119091 0.0111637
threshold=4.5000000000000009 3.5000000000000004 57.500000000000007 40.500000000000007 42.500000000000007 77.500000000000014 3.5000000000000004 59.500000000000007 3.5000000000000004 61.500000000000007 3.5000000000000004 67.500000000000014 1.5000000000000002 66.500000000000014 2.5000000000000004
decision_type=2 2 2 2 2 2 2 2 2 2 2 2 2 2 2
left_child=1 2 3 -1 -2 6 8 -8 -6 -3 11 -4 -5 -9 -14
right_child=4 9 10 12 5 -7 7 13 -10 -11 -12 -13 14 -15 -16
leaf_value=-0.10945378655660261 0.01674938041677319 -0.0015057261394005629 -0.034890425856539675 -0.053510259465343039 0.034964156658553493 0.084758733744637105 0.04592404726953038 0.05983324803009369 0.04592404726953038 0.01674938041677319 -0.00948310010100001 -0.016073389807954318 -0.045398081423584126 0.067353250492021621 -0.039297488717735835
leaf_weight=5.4783706516027477 4.4105202108621588 13.321966975927355 8.7546362876892108 7.4474677890539196 4.2072681784629804 3.2849193885922423 11.665896818041803 5.1013431102037412 5.303438127040863 10.502263978123663 4.2525674998760215 6.9564788937568656 7.8257299959659559 5.8272167220711708 4.8639654964208603
leaf_count=73 19 50 50 63 19 28 62 34 31 41 16 30 57 45 25
internal_value=0.00824158 -0.0146356 -0.0357156 -0.0602978 0.0481344 0.0531789 0.0499478 0.0557975 0.0360506 0.0167494 -0.0094831 -0.0226637 -0.0469247 0.0673533 -0.0430597
internal_weight=109.204 69.4034 45.5792 25.6155 39.8006 35.3901 32.1052 22.5945 9.51071 23.8242 19.9637 15.7111 20.1372 10.9286 12.6897
internal_count=643 405 314 218 238 219 191 141 50 91 96 80 145 79 82
is_linear=0
shrinkage=0.1


Tree=19
num_leaves=13
num_cat=0
split_feature=2 1 1 4 0 1 3 1 0 2 1 1
split_gain=8.37359 2.88892 2.71418 2.9125 2.65746 1.79506 1.54813 1.29908 0.754716 0.729146 0.0134125 0.0019183
threshold=2.5000000000000004 61.500000000000007 67.500000000000014 2.5000000000000004 4.5000000000000009 37.500000000000007 3.5000000000000004 69.500000000000014 4.5000000000000009 1.5000000000000002 32.500000000000007 73.500000000000014
decision_type=2 2 2 2 2 2 2 2 2 2 2 2
left_child=2 4 3 -1 -2 10 -3 -8 9 -7 -5 -9
right_child=1 6 -4 5 -6 8 7 11 -10 -11 -12 -13
leaf_value=-0.14307271432439916 0.0014040792148684535 0.033193603273562237 0.0014040792148684535 -0.10717351513738649 0.033193603273562237 -0.05805527850387935 0.052502121084892744 0.10016726516241586 -0.019764549353069628 -0.029169739663995095 -0.094475158805791687 0.10336775296514372
leaf_weight=2.5798605829477301 20.576680533587933 9.5674829334020632 6.559716895222663 1.8694917708635359 17.033427834510803 11.169872015714649 10.780637927353384 2.9357570856809598 5.1109988093376151 11.760805211961269 1.4985348582267759 5.1721998900175095
leaf_count=22 90 44 31 30 91 90 63 18 24 80 18 42
internal_value=0.00831224 0.030268 -0.0274598 -0.0409332 0.0120788 -0.0325439 0.0543084 0.0718106 -0.0242589 -0.0385749 -0.101524 0.102209
internal_weight=106.615 66.0662 40.5493 33.9896 37.6101 31.4097 28.4561 18.8886 28.0417 22.9307 3.36803 8.10796
internal_count=643 348 295 264 181 242 167 123 194 170 48 60
is_linear=0
shrinkage=0.1


Tree=20
num_leaves=13
num_cat=0
split_feature=0 1 2 4 1 1 3 1 2 1 2 1
split_gain=6.93599 4.69455 2.93208 2.2965 1.0089 0.632242 0.432247 0.17856 0.23802 0.316654 0.161397 0.131983
threshold=4.5000000000000009 40.500000000000007 3.5000000000000004 2.5000000000000004 57.500000000000007 42.500000000000007 3.5000000000000004 72.500000000000014 3.5000000000000004 59.500000000000007 1.5000000000000002 77.500000000000014
decision_type=2 2 2 2 2 2 2 2 2 2 2 2
left_child=1 6 3 -3 10 -2 -1 8 -7 -10 -5 -9
right_child=5 2 -4 4 -6 7 -8 11 9 -11 -12 -13
leaf_value=-0.11000934749856028 0.015488743800102969 -0.048412561159691898 0.015488743800102969 -0.041287300209521406 -0.0024672210089024429 0.031339490020321943 -0.050725795903527715 0.053555062575025583 0.04056618802611929 0.053555062575025583 -0.020989753620181281 0.078903706734006679
leaf_weight=4.5486528873443595 4.3605421483516684 4.52187955379486 22.029079616069794 6.3831966370344189 17.46834509074688 7.8934243917465237 1.685656666755676 2.8315341398119918 11.134971588850023 8.5140608549118024 10.141535282135008 2.8931697607040405
leaf_count=71 19 28 85 59 86 42 8 23 62 64 68 28
internal_value=0.00799433 -0.0113533 -0.00284509 -0.0204232 -0.0088753 0.0423308 -0.09398 0.0471902 0.0438501 0.0497929 -0.0288303 0.06326
internal_weight=104.406 66.7783 60.544 38.515 33.9931 37.6277 6.23431 33.2672 27.5425 19.649 16.5247 5.7247
internal_count=643 405 326 241 213 238 79 219 168 126 127 51
is_linear=0
shrinkage=0.1


Tree=21
num_leaves=13
num_cat=0
split_feature=3 1 1 0 1 1 0 2 3 2 1 2
split_gain=5.91688 3.66336 3.57766 1.74759 1.36956 0.971456 0.883721 0.657595 0.449158 0.169011 0.108411 0.00973238
threshold=3.5000000000000004 60.500000000000007 39.500000000000007 4.5000000000000009 72.500000000000014 68.500000000000014 4.5000000000000009 2.5000000000000004 4.5000000000000009 1.5000000000000002 53.500000000000007 3.5000000000000004
decision_type=2 2 2 2 2 2 2 2 2 2 2 2
left_child=2 6 9 5 8 7 -2 -4 11 -1 -8 -3
right_child=1 4 3 -5 -6 -7 10 -9 -10 -11 -12 -13
leaf_value=-0.12380631857385649 0.0079046185675619614 0.034861734061773925 -0.041410849804810621 0.0079046185675619614 0.1045405225399668 -0.0063889813346288769 0.021888275530166625 -0.018573956433959878 0.072464649514911314 -0.084165444237620235 0.034861734061773925 0.039357692736066423
leaf_weight=2.0925343930721274 14.704794891178608 4.3873704224824959 20.852145086973909 11.083342552185057 5.63514420390129 7.6631253957748404 6.5178787261247635 8.1020519733428937 5.1040002554655066 2.2130245231091976 6.5936494171619415 7.5014696568250656
leaf_count=37 62 21 166 57 49 32 34 36 33 31 40 45
internal_value=0.0075382 0.0319394 -0.0161301 -0.00825017 0.0618188 -0.0206826 0.00790462 -0.0307589 0.0476515 -0.103431 0.0338692 0.036999
internal_weight=102.451 50.4443 52.0062 47.7007 22.628 36.6173 27.8163 28.9542 16.9928 4.30556 13.1115 11.8888
internal_count=643 284 359 291 148 234 136 202 99 68 74 66
is_linear=0
shrinkage=0.1


Tree=22
num_leaves=14
num_cat=0
split_feature=1 2 4 1 3 0 1 1 2 2 3 1 1
split_gain=4.94899 4.31881 2.54988 1.78417 1.57201 1.18121 0.464207 0.361944 0.706082 0.252972 0.234118 0.014976 0.00221671
threshold=36.500000000000007 3.5000000000000004 2.5000000000000004 69.500000000000014 3.5000000000000004 4.5000000000000009 59.500000000000007 69.500000000000014 1.5000000000000002 1.5000000000000002 3.5000000000000004 53.500000000000007 74.500000000000014
decision_type=2 2 2 2 2 2 2 2 2 2 2 2 2
left_child=9 2 -2 5 7 -3 11 8 -4 -1 -5 -7 -12
right_child=1 3 4 10 -6 6 -8 -9 -10 -11 12 -13 -14
leaf_value=-0.12568240297950481 -0.041242983060422303 0.013021048341145045 -0.037738754571336054 0.050806425473035793 0.013021048341145045 0.027945939141224081 0.050078311367265142 4.3426384479364203e-06 -0.0090601974349705135 -0.07673561418876311 0.084202317427576154 0.033252008781104826 0.088127469856995155
leaf_weight=1.6599361710250367 5.49208740890026 18.167586416006088 11.35877385735512 2.6714430600404722 12.128285795450209 6.7957160174846667 6.596016399562358 4.730532392859458 16.406001333147287 2.9017038084566593 2.4788346737623215 5.6426346451044083 3.4291623532772064
leaf_count=32 37 70 95 13 65 36 52 21 107 28 19 34 34
internal_value=0.00722005 0.0120609 -0.00822232 0.0342644 0.00113604 0.0247842 0.0428708 -0.0130124 -0.0181247 -0.0945469 0.0753725 0.0288015 0.0864806
internal_weight=100.459 95.8971 50.1157 45.7814 44.6236 37.202 19.0344 32.4953 27.7648 4.56164 8.57944 12.4384 5.908
internal_count=643 583 325 258 288 192 122 223 202 60 66 70 53
is_linear=0
shrinkage=0.1


Tree=23
num_leaves=13
num_cat=0
split_feature=0 1 4 1 2 3 1 3 1 2 1 1
split_gain=4.31043 3.52037 2.43734 1.42789 1.33756 0.497871 0.423296 0.374894 0.114652 0.155839 0.25802 0.123324
threshold=4.5000000000000009 40.500000000000007 2.5000000000000004 68.500000000000014 1.5000000000000002 3.5000000000000004 42.500000000000007 3.5000000000000004 72.500000000000014 3.5000000000000004 59.500000000000007 77.500000000000014
decision_type=2 2 2 2 2 2 2 2 2 2 2 2
left_child=1 5 -3 4 -4 -1 -2 -6 9 -8 -11 -10
right_child=6 2 3 -5 7 -7 8 -9 11 10 -12 -13
leaf_value=-0.10833307078943762 0.013202271381630704 -0.0443953780196681 -0.038794555395448051 0.013202271381630704 -0.012301881301477186 -0.0443953780196681 0.026255652937371723 0.0032101921803296104 0.04496514035881214 0.033989320431564198 0.04496514035881214 0.070465003172082527
leaf_weight=3.5627922229468814 4.3285850882530204 5.5400167033076277 10.05892403423786 9.305211588740347 15.610746145248411 1.675138860940933 7.6395969092845979 18.19720458984375 2.5001298189163199 10.493385761976244 7.6211399957537642 2.4216222986578941
leaf_count=71 19 33 86 39 95 8 42 73 23 62 64 28
internal_value=0.00681798 -0.00862331 -0.00161538 0.00539616 -0.00678189 -0.0871754 0.0350279 0.00274288 0.039309 0.0366365 0.041723 0.0532938
internal_weight=98.9545 63.95 58.7121 53.1721 43.8669 5.23793 35.0045 33.808 30.6759 25.7541 18.1145 4.92175
internal_count=643 405 326 293 254 79 238 168 219 168 126 51
is_linear=0
shrinkage=0.1


Tree=24
num_leaves=14
num_cat=0
split_feature=1 2 4 1 3 0 1 2 1 2 3 1 1
split_gain=3.83761 3.05831 2.30081 1.55017 1.18975 0.878124 0.457249 0.318421 0.25721 0.536889 0.237328 0.00951001 0.00395465
threshold=36.500000000000007 3.5000000000000004 2.5000000000000004 69.500000000000014 3.5000000000000004 4.5000000000000009 59.500000000000007 1.5000000000000002 69.500000000000014 1.5000000000000002 3.5000000000000004 73.500000000000014 53.500000000000007
decision_type=2 2 2 2 2 2 2 2 2 2 2 2 2
left_child=7 2 -2 5 8 -3 12 -1 9 -4 -5 -12 -7
right_child=1 3 4 10 -6 6 -8 -9 -10 -11 11 -13 -14
leaf_value=-0.12649048565118079 -0.038281072017303713 0.011887224841088466 -0.032386251377860574 0.045551219412801075 0.011887224841088466 0.024725902715632644 0.045551219412801075 -0.067745062565736869 0.00078947073030154614 -0.0069562602265625497 0.076519633475931687 0.0851352457220175 0.027866826125452677
leaf_weight=1.3912489861249913 5.2728345729410639 18.120357885956764 10.805634651333099 2.5940292477607718 11.989759288728235 6.5752730071544665 6.1409420147538176 2.7396155260503292 4.7119198143482199 16.178451087325811 2.0874802246689796 3.316895853728056 5.4007666707038879
leaf_count=32 37 70 95 13 65 36 52 28 21 107 16 37 34
internal_value=0.00678736 0.010968 -0.00625141 0.0300259 0.00266277 0.021231 0.0375646 -0.0875301 -0.0103083 -0.014702 0.0698714 0.0818074 0.0247259
internal_weight=97.3252 93.1943 48.9586 44.2357 43.6858 36.2373 18.117 4.13086 31.696 26.9841 7.99841 5.40438 11.976
internal_count=643 583 325 258 288 192 122 60 223 202 66 53 70
is_linear=0
shrinkage=0.1


Tree=25
num_leaves=13
num_cat=0
split_feature=1 0 1 4 2 2 3 1 2 1 1 1
split_gain=3.25519 2.61903 2.34374 1.4281 1.07099 0.232022 0.148897 0.107318 0.33036 0.121855 0.116536 0.00377659
threshold=36.500000000000007 4.5000000000000009 68.500000000000014 2.5000000000000004 2.5000000000000004 1.5000000000000002 2.5000000000000004 72.500000000000014 2.5000000000000004 59.500000000000007 77.500000000000014 49.500000000000007
decision_type=2 2 2 2 2 2 2 2 2 2 2 2
left_child=6 2 3 -2 5 -5 -1 8 -3 11 -9 -10
right_child=1 7 -4 4 -6 -7 -8 10 9 -11 -12 -13
leaf_value=-0.10412238334123272 -0.036091437433251904 0.015349913265875446 0.015349913265875446 -0.035733738106043932 0.00062311931833972101 -0.014731530554210868 -0.065093938659840547 0.038977147353531118 0.026980842723544646 0.038977147353531118 0.064993685765119977 0.03034517172849743
leaf_weight=1.7545773424208158 3.5990488827228537 5.458473980426791 11.143266960978506 9.8556941263377666 23.609002575278282 11.281096134334803 2.2071934193372726 2.3445537239313117 5.8749957382679003 8.9987605959176999 2.1820456758141518 7.7223468422889709
leaf_count=48 28 27 48 92 98 83 12 23 31 77 28 48
internal_value=0.00637669 0.0101959 -0.00228604 -0.0141037 -0.00708271 -0.0245245 -0.0823787 0.0329859 0.0306805 0.0362785 0.0472738 0.0288915
internal_weight=96.0311 92.0693 59.4881 48.3448 44.7458 21.1368 3.96177 32.5812 28.0546 22.5961 4.5266 13.5973
internal_count=643 583 349 301 273 175 60 234 183 156 51 79
is_linear=0
shrinkage=0.1


end of trees

feature_importances:
Age=168
Shape=83
Margin=61
BI-RADS=34
Density=6

parameters:
[boosting: gbdt]
[objective: binary]
[metric: binary_logloss]
[tree_learner: serial]
[device_type: cpu]
[data_sample_strategy: bagging]
[data: ]
[valid: ]
[num_iterations: 500]
[learning_rate: 0.1]
[num_leaves: 31]
[num_threads: 0]
[seed: 0]
[deterministic: 0]
[force_col_wise: 0]
[force_row_wise: 0]
[histogram_pool_size: -1]
[max_depth: 6]
[min_data_in_leaf: 20]
[min_sum_hessian_in_leaf: 0.001]
[bagging_fraction: 1]
[pos_bagging_fraction: 1]
[neg_bagging_fraction: 1]
[bagging_freq: 0]
[bagging_seed: 3]
[bagging_by_query: 0]
[feature_fraction: 1]
[feature_fraction_bynode: 1]
[feature_fraction_seed: 2]
[extra_trees: 0]
[extra_seed: 6]
[early_stopping_round: 0]
[early_stopping_min_delta: 0]
[first_metric_only: 0]
[max_delta_step: 0]
[lambda_l1: 0]
[lambda_l2: 0]
[linear_lambda: 0]
[min_gain_to_split: 0]
[drop_rate: 0.1]
[max_drop: 50]
[skip_drop: 0.5]
[xgboost_dart_mode: 0]
[uniform_drop: 0]
[drop_seed: 4]
[top_rate: 0.2]
[other_rate: 0.1]
[min_data_per_group: 100]
[max_cat_threshold: 32]
[cat_l2: 10]
[cat_smooth: 10]
[max_cat_to_onehot: 4]
[top_k: 20]
[monotone_constraints: 1,1,1,1,0]
[monotone_constraints_method: basic]
[monotone_penalty: 0]
[feature_contri: ]
[forcedsplits_filename: ]
[refit_decay_rate: 0.9]
[cegb_tradeoff: 1]
[cegb_penalty_split: 0]
[cegb_penalty_feature_lazy: ]
[cegb_penalty_feature_coupled: ]
[path_smooth: 0]
[interaction_constraints: ]
[verbosity: -1]
[saved_feature_importance_type: 0]
[use_quantized_grad: 0]
[num_grad_quant_bins: 4]
[quant_train_renew_leaf: 0]
[stochastic_rounding: 1]
[linear_tree: 0]
[max_bin: 255]
[max_bin_by_feature: ]
[min_data_in_bin: 3]
[bin_construct_sample_cnt: 200000]
[data_random_seed: 1]
[is_enable_sparse: 1]
[enable_bundle: 1]
[use_missing: 1]
[zero_as_missing: 0]
[feature_pre_filter: 1]
[pre_partition: 0]
[two_round: 0]
[header: 0]
[label_column: ]
[weight_column: ]
[group_column: ]
[ignore_column: ]
[categorical_feature: ]
[forcedbins_filename: ]
[precise_float_parser: 0]
[parser_config_file: ]
[objective_seed: 5]
[num_class: 1]
[is_unbalance: 0]
[scale_pos_weight: 1.15955]
[sigmoid: 1]
[boost_from_average: 1]
[reg_sqrt: 0]
[alpha: 0.9]
[fair_c: 1]
[poisson_max_delta_step: 0.7]
[tweedie_variance_power: 1.5]
[lambdarank_truncation_level: 30]
[lambdarank_norm: 1]
[label_gain: ]
[lambdarank_position_bias_regularization: 0]
[eval_at: ]
[multi_error_top_k: 1]
[auc_mu_weights: ]
[num_machines: 1]
[local_listen_port: 12400]
[time_out: 120]
[machine_list_filename: ]
[machines: ]
[gpu_platform_id: -1]
[gpu_device_id: -1]
[gpu_use_dp: 0]
[num_gpu: 1]

end of parameters

pandas_categorical:[]
